0.27625578	-0.379202	-0.48336414	-0.153681201	1
0.27485678	-0.378987	-0.481948716	-0.349812734	1
0.27352178	-0.37852	-0.480534391	-0.576672104	1
0.27229578	-0.377813	-0.479119144	-0.853159851	1
0.27121978	-0.376895	-0.477704753	-1.248868778	1
0.27033578	-0.375791	-0.476290444	-1.731638418	1
0.26962778	-0.374565	-0.474874696	-2.577506112	1
0.26758278	-0.369294	-0.469220895	-2.546950629	1
0.26551678	-0.364032	-0.463567843	-2.515078985	1
0.26342778	-0.358778	-0.457913779	-2.497858163	-0.026846324
0.26132678	-0.35353	-0.452260842	-2.480605487	0.054857401
0.25921278	-0.348286	-0.44660677	-2.458685446	0.076086418
0.25708278	-0.343049	-0.44095318	-2.437092265	-0.142091958
0.25493678	-0.337819	-0.435300021	-2.417399352	0.655107543
0.25277578	-0.332595	-0.429646694	-2.395316804	0.053104427
0.25059778	-0.327378	-0.423993309	-2.369881711	0.426254653
0.24839978	-0.322169	-0.418339559	-2.347021661	-0.824536464
0.24618378	-0.316968	-0.412686148	-2.322450805	0.274969288
0.24394778	-0.311775	-0.407032216	-2.298891353	0.127411319
0.24169278	-0.306591	-0.401378997	-2.272288098	0.117683618
0.23941578	-0.301417	-0.395726121	-2.246628969	-6.227669215
0.23711678	-0.296252	-0.390072572	-2.220068906	0.058969918
0.23479478	-0.291097	-0.384418749	-2.190374787	0.493559162
0.23244678	-0.285954	-0.378765117	-2.163575042	0.377535757
0.23007478	-0.280822	-0.373111463	-2.133805752	0.082402674
0.22767578	-0.275703	-0.367458202	-2.104699093	4.164724763
0.22524978	-0.270597	-0.361805175	-2.075387123	0.112684508
0.22279578	-0.265504	-0.35615179	-2.04468599	0.069499298
0.22031178	-0.260425	-0.350497897	-2.012321145	0.066463439
0.21779578	-0.255362	-0.344844206	-1.978823529	0.25251475
0.21524578	-0.250316	-0.33919048	-1.946573751	-72.64551868
0.21266278	-0.245288	-0.333537811	-1.914056532	0.057968575
0.21004478	-0.240277	-0.327884135	-1.879141566	0.079566159
0.20738878	-0.235286	-0.322230427	-1.844840386	0.118062426
0.20469478	-0.230316	-0.316577239	-1.809140768	0.055727081
0.20195978	-0.225368	-0.310923662	-1.7724982	0.099185269
0.19918178	-0.220444	-0.305270074	-1.736002835	0.07289755
0.19635978	-0.215545	-0.299616413	-1.698152666	0.056192594
0.19349078	-0.210673	-0.293962428	-1.660027425	0.163342077
0.19057378	-0.2058307	-0.288309397	-1.622589346	0.064047754
0.18760778	-0.2010181	-0.282656232	-1.58330573	0.035056528
0.18458878	-0.1962381	-0.27700267	-1.542796748	0.061657418
0.18151378	-0.191494	-0.271349166	-1.502681992	0.096215363
0.17838178	-0.1867876	-0.265695882	-1.46245691	0.041430705
0.17519078	-0.1821209	-0.260042514	-1.420835894	0.044870516
0.17193678	-0.1774975	-0.254388812	-1.379475588	0.060211081
0.16861878	-0.1729204	-0.248735586	-1.337695716	0.039383047
0.16523378	-0.1683923	-0.243082099	-1.295311143	0.046876093
0.16177878	-0.163917	-0.237428309	-1.253176404	0.051762103
0.15825278	-0.1594983	-0.231775205	-1.210833333	0.034626116
0.15465278	-0.1551393	-0.22612181	-1.167935817	0.052797471
0.15097578	-0.1508448	-0.220468221	-1.126132126	0.084205316
0.14722178	-0.1466173	-0.214814526	-1.08460334	0.035581932
0.14338978	-0.1424611	-0.209161366	-1.042678252	0.051073952
0.13947678	-0.1383811	-0.203508228	-1.001902854	0.074929545
0.13548278	-0.1343795	-0.197854482	-0.961644172	0.485306963
0.13140778	-0.1304608	-0.192201002	-0.923501084	0.133732949
0.12725478	-0.1266255	-0.186547956	-0.885353177	0.072876887
0.12302178	-0.1228778	-0.180894325	-0.848677494	-0.843189112
0.11871178	-0.11922	-0.175241396	-0.812990654	0.05187715
0.11432478	-0.11565341	-0.169587518	-0.777517365	-0.08653928
0.10986178	-0.11218335	-0.163934229	-0.746094482	-0.009562779
0.10533078	-0.108802796	-0.158281078	-0.722111029	-0.007422672
0.10074728	-0.105493	-0.152627476	-0.703971619	-0.012473719
0.09612448	-0.10223868	-0.146974081	-0.688331293	-0.0488941
0.09146758	-0.09903319	-0.141320596	-0.673331912	-0.069926077
0.08677808	-0.0958756	-0.135667121	-0.660033062	-0.019059421
0.08205968	-0.0927613	-0.130013612	-0.650188831	-0.011204537
0.07731998	-0.0896796	-0.12436015	-0.644834045	-0.010651799
0.07256868	-0.0866158	-0.11870668	-0.643404005	-0.011582391
0.06781428	-0.0835568	-0.113053203	-0.645960117	-0.011242147
0.06306538	-0.0804892	-0.107399689	-0.652536645	-0.011865312
0.05833078	-0.0773997	-0.101746244	-0.662861023	-0.012419071
0.05361848	-0.0742761	-0.096092692	-0.677169896	-0.011025476
0.04893738	-0.0711062	-0.090439289	-0.696172249	-0.011234025
0.04429758	-0.0678761	-0.084785857	-0.719428223	-0.013322036
0.03970838	-0.0645745	-0.079132423	-0.747118569	-0.00965544
0.03517938	-0.0611908	-0.073478993	-0.781724293	-0.022308317
0.03072538	-0.057709	-0.067825583	-0.821103227	-0.002689333
0.02635638	-0.0541216	-0.062172478	-0.901421869	-0.001232065
0.02215768	-0.0503368	-0.056519709	-1.036464173	-0.002043682
0.01823328	-0.0462693	-0.050867677	-1.207634054	-0.06588725
0.01462838	-0.0419159	-0.045215474	-1.407373016	0.015587398
0.01135455	-0.0373084	-0.039563305	-1.652660682	-0.029296396
0.00842842	-0.0324725	-0.033911034	-1.980334818	-0.005276387
0.00588077	-0.0274273	-0.028259082	-2.479727876	-0.00586039
0.00376703	-0.0221858	-0.022607425	-3.26709234	-0.101477292
0.002112868	-0.0167815	-0.016955637	-4.666269248	0.075142941
0.00092856	-0.0112552	-0.011303861	-7.941422239	-3.72361237
0.00022249	-0.005648	-0.005652381	-25.38541058	0.139445338
0	0	0	21.42071111	-0.014965141
0.00026353	0.005645	0.005651148	7.270862011	-0.007650715
0.00103359	0.011244	0.011302855	4.267014935	-0.012366313
0.002323016	0.016746	0.016953928	2.96361642	-0.02213619
0.00412993	0.022101	0.022605562	2.2262914	-0.019479372
0.00644544	0.027256	0.028256722	1.74481502	-0.043296271
0.00925548	0.032159	0.033907893	1.40500357	0.057393592
0.01253234	0.036763	0.039558966	1.149561635	0.037804546
0.01624158	0.041027	0.045210528	0.94749415	0.025709371
0.02034398	0.044914	0.05086194	0.78224339	0.012199868
0.02479528	0.048396	0.056513346	0.64464515	0.008043155
0.02954518	0.051458	0.062164664	0.527484398	0.010138089
0.03454438	0.054095	0.067816723	0.423271274	0.01525439
0.03974908	0.056298	0.073468459	0.328925312	0.01262829
0.04511808	0.058064	0.079120442	0.242503687	0.011258402
0.05061078	0.059396	0.084772342	0.162759016	0.007966022
0.05618958	0.060304	0.090424552	0.090952694	0.002741474
0.06181888	0.060816	0.096077088	0.033807703	0.00591526
0.06746848	0.061007	0.101729916	-0.029204574	-0.002104375
0.07311828	0.060842	0.107382124	-0.110183521	-0.003950083
0.07873618	0.060223	0.113034023	-0.188689437	0.004182278
0.08429028	0.059175	0.118686132	-0.261685319	0.005934801
0.08975868	0.057744	0.124338668	-0.334067	0.011465846
0.09511988	0.055953	0.129991114	-0.405689194	0.007824415
0.10035788	0.053828	0.135643747	-0.475621462	0.008274921
0.10546278	0.0514	0.141296639	-0.545234737	0.008434724
0.11042578	0.048694	0.146949409	-0.612990247	0.006294999
0.11524478	0.04574	0.152601743	-0.678136354	0.013990557
0.11992378	0.042567	0.158255146	-0.74696401	0.021696079
0.12445278	0.039184	0.163908157	-0.814324818	0.005464482
0.12883678	0.035614	0.16956186	-0.875176305	0.009563413
0.13309078	0.031891	0.175214934	-0.939092453	0.019270906
0.13721178	0.028021	0.180868211	-1.000250188	0.010931644
0.14120878	0.024023	0.18652153	-1.061661507	0.023855248
0.14508478	0.019908	0.192174547	-1.12373603	0.013794396
0.14884278	0.015685	0.197827536	-1.182739726	0.012766151
0.15249278	0.011368	0.203480764	-1.241330702	0.041356299
0.15603978	0.006965	0.209134756	-1.302352599	0.029548293
0.15948278	0.002481	0.214788118	-1.361924686	0.019323342
0.16282878	-0.002076	0.220441609	-1.421457117	0.030368968
0.16608178	-0.0067	0.226095226	-1.481157129	0.026658565
0.16924478	-0.0113849	0.231747912	-1.540012991	0.031067128
0.17232378	-0.0161266	0.23740158	-1.599499499	0.037997235
0.17532078	-0.0209203	0.243055036	-1.658650223	0.035523816
0.17823978	-0.0257619	0.2487085	-1.717932489	0.037630088
0.18108378	-0.0306477	0.254361763	-1.776739993	0.043619007
0.18385678	-0.0355746	0.260015423	-1.836131657	0.05168449
0.18656078	-0.0405395	0.265668904	-1.895489007	0.054314678
0.18919878	-0.0455398	0.271322402	-1.955400155	0.046795059
0.19177278	-0.050573	0.276975594	-2.014319809	0.054646057
0.19428678	-0.055637	0.282629291	-2.074338086	0.09793365
0.19674178	-0.0607295	0.28828266	-2.134820684	0.049041485
0.19913978	-0.0658488	0.293935769	-2.193688699	0.050771398
0.20148478	-0.070993	0.299589247	-2.252441151	0.050259693
0.20377878	-0.0761601	0.305242685	-2.30894526	0.061268448
0.20602578	-0.0813483	0.310896571	-2.36592458	0.063937392
0.20822678	-0.0865557	0.316550014	-2.419962946	0.038134028
0.21038578	-0.0917804	0.322203223	-2.470768505	0.053446468
0.21250678	-0.0970209	0.327856672	-2.520398082	0.116231343
0.21459178	-0.10227593	0.333510216	-2.570092683	0.097670761
0.21664178	-0.10754462	0.339163675	-2.618537432	0.35650405
0.21865878	-0.11282621	0.3448173	-2.669762985	0.313070528
0.22064178	-0.11812035	0.350470636	-2.719810354	0.241650097
0.22259278	-0.1234267	0.356124286	-2.77278415	-0.219928485
0.22451078	-0.1287449	0.361777778	-2.827427056	0.089848074
0.22639578	-0.1340746	0.367431001	-2.879137466	0.296306562
0.22825078	-0.1394154	0.373084775	-2.935545804	-0.213951137
0.23007378	-0.1447669	0.378738259	-2.992131696	0.087358782
0.23186578	-0.1501288	0.384391686	-3.046851957	0.411360283
0.23362878	-0.1555004	0.390045203	-3.105135603	0.3603652
0.23536178	-0.1608816	0.395698574	-3.161407625	0.147945262
0.23706678	-0.1662718	0.401352005	-3.219499106	0.377724334
0.23874378	-0.1716709	0.407005554	-3.277272727	0.255702777
0.24039378	-0.1770784	0.412659186	-3.33672212	-1.015542316
0.24201678	-0.1824939	0.41831266	-3.398120301	0.142825841
0.24361278	-0.1879173	0.42396602	-3.456970083	0.354666372
0.24518378	-0.1933482	0.429619578	-3.519805825	0.291053457
0.24672878	-0.1987863	0.435272892	-3.580013149	-4.667068172
0.24824978	-0.2042315	0.440926532	-3.647157191	-0.280764642
0.24974478	-0.209684	0.446580272	-3.713605442	0.172623704
0.25121478	-0.215143	0.45223373	-3.78200692	-0.165968605
0.25265978	-0.220608	0.457886539	-3.856941508	0.282760403
0.25407878	-0.226081	0.463540501	-3.927598566	0.206801988
0.25547378	-0.23156	0.469194302	-4.003649635	-1.718611999
0.25684378	-0.237045	0.474847807	-4.078751857	0.174512881
0.25818978	-0.242535	0.480500401	-4.154950869	0.464382264
0.25951278	-0.248032	0.486154368	-4.232307692	0.227882027
0.26081278	-0.253534	0.491807863	-4.309076682	0.492516671
0.26209078	-0.259041	0.49746121	-4.388535032	0.161335525
0.26334678	-0.264553	0.503114499	-4.463592233	0.285023865
0.26458278	-0.27007	0.508768258	-4.544032922	-0.425260504
0.26579778	-0.275591	0.514421369	-4.624267782	0.072510693
0.26699278	-0.281117	0.520075102	-4.694397284	0.346168086
0.26817078	-0.286647	0.525729179	-4.773943054	0.62181722
0.26932978	-0.29218	0.531382264	-4.844269466	0.106435257
0.27047278	-0.297717	0.537036008	-4.915705413	0.193656071
0.27159978	-0.303257	0.542689478	-4.980233603	0.108432357
0.27271278	-0.3088	0.548343116	-5.040909091	0.118826719
0.27381278	-0.314345	0.55399617	-5.094582185	0.175804132
0.27490178	-0.319893	0.559650038	-5.147495362	0.22527091
0.27597978	-0.325442	0.56530278	-5.193638915	0.082919107
0.27704878	-0.330994	0.570956757	-5.228813559	0.111139011
0.27811078	-0.336547	0.576610398	-5.259469697	0.103518439
0.27916678	-0.342101	0.582263897	-5.279467681	1.703866754
0.28021878	-0.347655	0.587916651	-5.306590258	0.121264181
0.28126578	-0.353211	0.593570441	-5.316746411	1
0.28231078	-0.358767	0.599223861	-5.359691418	1
0.28334778	-0.364325	0.604877774	-5.440313112	1
0.28436978	-0.369885	0.610530922	-25.26785714	1
0.28442578	-0.3713	0.61194703	9.513513514	1
0.28427778	-0.372708	0.613362787	4.182370821	1
0.28394878	-0.374084	0.614777572	2.17428088	1
0.28335778	-0.375369	0.616191965	1.423124231	1
0.28254478	-0.376526	0.617606043	0.971428571	1
0.28152978	-0.377512	0.619021112	0.666949873	1
0.28035278	-0.378297	0.620435875	0.424731183	1
0.27905078	-0.37885	0.621850447	0.220694645	1
0.27766878	-0.379155	0.623265703	0.033262562	1
